1 10 1714.217407 6.480713 330.663208 4.803823 1611.836670 4.609904
1 20 2058.057373 11.631430 339.870544 9.474202 1952.941162 8.638631
1 30 2342.032227 1.730143 317.652863 4.870544 2244.149902 3.209635
1 40 2694.714355 3.042073 320.655243 10.541728 2595.948486 6.092529
1 50 2987.573730 10.368815 323.657654 11.809407 2887.768799 7.086833
1 60 3282.381592 13.993408 276.420013 15.946034 3197.695557 9.014729
1 70 3561.632324 18.638428 249.398514 3.602870 3486.297363 17.569498
1 80 3821.980469 2.986084 202.561249 8.540131 3760.771484 0.494466
1 90 4047.766113 10.069580 111.688889 1.868149 4015.182373 9.468262
2 10 1847.898071 2.586589 421.335388 5.671183 1719.564697 1.109782
2 20 2120.208496 25.213949 399.317841 27.021515 1998.050781 17.751547
2 30 2481.059082 25.607504 407.724548 20.216095 2356.022949 19.818277
2 40 2805.081787 13.397054 409.526001 8.940450 2680.736572 10.090007
2 50 3076.926025 25.443359 367.892853 12.142995 2964.895264 22.073080
2 60 3374.164062 34.233154 331.864166 17.480579 3274.023193 29.520752
2 70 3639.523926 10.739909 288.029266 6.738698 3551.941406 8.297119
2 80 3876.995361 16.818848 238.790070 3.135834 3805.518799 18.554850
2 90 4082.152344 14.797119 122.897842 4.270071 4046.634277 14.005615
3 10 1854.076782 10.254272 437.548279 8.406688 1721.498657 8.538981
3 20 2192.354004 8.259521 440.951019 12.209727 2057.709229 4.661011
3 30 2576.458252 6.932617 466.971741 7.139008 2435.771484 3.845541
3 40 2851.805420 4.727132 430.342529 3.335978 2723.017822 2.953044
3 50 3096.519531 54.609291 381.103333 37.096203 2981.213623 44.250896
3 60 3383.807129 14.807129 345.074646 0.266866 3279.264893 15.242024
3 70 3734.802734 9.946940 326.459869 2.068319 3638.220215 9.453532
3 80 3911.501221 5.265707 252.801224 1.534551 3836.852783 6.047445
3 90 4124.337402 18.131023 141.112320 3.002391 4083.342285 17.324545
4 10 1881.396240 2.220744 458.965332 4.470225 1741.817017 1.315308
4 20 2243.020264 1.110677 482.584167 4.737111 2096.918701 2.236816
4 30 2626.466064 22.916748 493.392761 3.002391 2476.736572 21.795084
4 40 2912.014404 4.180176 466.371246 12.676758 2771.981201 0.174561
4 50 3210.052002 15.963135 441.751648 21.817373 3075.909912 9.900554
4 60 3544.521973 27.643148 427.340149 15.679138 3417.587891 24.272867
4 70 3679.344971 32.339680 314.650482 16.813385 3584.540527 27.791504
4 80 3921.633545 6.342041 263.209534 4.336792 3843.275391 5.314779
4 90 4084.620605 15.960855 149.318878 8.406698 4040.492920 13.633301
