1 10 2023.083008 4.475830 544.233154 13.944417 1862.209229 2.469686
1 20 2324.612061 37.737305 525.418274 13.010336 2169.784912 32.912434
1 30 2603.254395 16.351074 478.580902 2.068298 2462.373535 17.509439
1 40 2882.985596 23.960938 438.348938 12.676758 2755.906006 20.697266
1 50 3121.844971 39.432373 393.713379 1.801422 3005.008057 38.841717
1 60 3382.392578 7.836996 357.284424 3.002401 3275.899414 6.759033
1 70 3679.352295 15.096599 303.841858 5.471019 3590.498779 14.340251
1 80 3868.899170 13.473958 239.790863 8.807017 3799.417480 10.831461
1 90 4073.430908 6.127360 122.497520 5.204140 4038.386719 4.104980
2 10 2097.680664 41.831665 585.866394 25.820566 1922.788086 34.581543
2 20 2373.506348 0.960775 552.840027 1.467814 2212.133789 0.985840
2 30 2648.171387 16.481201 509.805756 11.542532 2498.990234 13.352539
2 40 2977.918457 0.126546 516.611206 8.740285 2825.648438 1.160645
2 50 3188.606934 17.707928 455.562592 11.075470 3054.473877 13.831706
2 60 3487.817871 29.897135 408.925507 14.478189 3367.875000 26.297283
2 70 3722.600830 18.446207 339.069916 3.602875 3623.351562 19.022787
2 80 3932.213379 7.674886 240.391357 5.404302 3862.560547 5.266602
2 90 4093.077637 10.540527 137.109146 0.333598 4053.751465 10.509277
3 10 2112.576660 17.798096 590.670166 1.267680 1939.171509 17.957642
3 20 2495.890625 5.121012 609.685242 0.934102 2318.875244 5.681722
3 30 2709.648926 47.420166 556.042603 51.507671 2548.754395 34.299969
3 40 2997.628418 14.918782 530.422241 2.668803 2841.462158 14.317871
3 50 3259.956543 2.283285 497.796295 29.823751 3115.780273 5.581217
3 60 3500.957764 37.704834 419.533936 22.284414 3378.178955 31.412518
3 70 3726.797363 3.255452 346.075470 7.405894 3625.951172 5.687337
3 80 3943.985107 7.993246 281.424011 6.938863 3863.404297 8.334554
3 90 4129.730957 0.709635 154.322830 0.066717 4085.510986 0.139323
4 10 2168.201660 24.646891 634.104736 13.210510 1981.125977 20.231445
4 20 2491.662598 33.278484 617.491516 5.671183 2310.754883 38.447021
4 30 2738.931641 13.918050 580.462036 20.015930 2569.900391 8.994466
4 40 3019.885742 5.542806 548.636780 2.602051 2859.430420 4.477213
4 50 3355.432861 8.524170 530.021912 16.146179 3204.675781 15.908040
4 60 3584.327637 4.050700 464.569824 0.733927 3449.746826 5.217529
4 70 3812.969238 7.045003 389.710205 5.804616 3701.131348 5.303141
4 80 3946.330078 8.889729 268.013367 4.069895 3868.168457 8.128906
4 90 4090.495361 1.022949 168.734314 13.143794 4041.687012 2.841146
