1 10 2024.076538 62.927937 551.438904 40.365479 1847.366821 54.403522
1 20 2339.508545 25.247070 533.824951 16.880087 2172.855469 20.282633
1 30 2607.639160 0.065104 499.597656 1.601288 2450.921387 0.518148
1 40 2941.723145 11.118001 468.572937 5.404287 2794.016113 11.176921
1 50 3123.761963 25.900961 402.520447 16.079479 2998.432129 20.735678
1 60 3402.520996 27.002279 350.879333 13.143789 3294.359863 22.599365
1 70 3693.439941 4.372477 307.644897 11.542521 3599.205566 1.247884
1 80 3866.453125 13.877197 229.782913 6.138219 3794.479980 13.101888
1 90 4096.831543 3.206055 124.699257 0.200157 4059.944580 3.443278
2 10 2130.897949 19.214111 606.482788 1.334412 1942.894897 22.569254
2 20 2437.534912 7.219564 596.474792 9.340779 2253.177246 8.568522
2 30 2732.240967 11.450358 558.844849 1.868144 2558.345703 14.133057
2 40 2972.790527 21.610434 502.800232 15.212117 2816.969238 16.609131
2 50 3279.565674 2.554362 462.568207 0.600474 3137.038818 2.476156
2 60 3530.569580 24.144367 415.931061 8.139821 3401.511719 21.920898
2 70 3749.758545 25.797527 351.679932 12.209727 3640.055908 23.129070
2 80 3931.992188 43.342693 249.598679 22.217688 3854.581543 37.790123
2 90 4118.848633 11.545492 139.511047 7.139015 4077.465576 9.609782
3 10 2172.924316 20.151123 639.308899 8.940450 1971.521118 19.500854
3 20 2539.148926 43.033043 638.708374 28.622803 2341.059082 30.180176
3 30 2764.945557 41.226646 597.675781 25.753845 2576.196777 33.407551
3 40 3032.743652 12.548259 530.222046 10.741882 2868.713135 9.715983
3 50 3320.740967 18.377035 496.995605 5.537740 3166.926270 15.034424
3 60 3521.895752 20.436197 413.128845 14.945230 3392.965576 15.551920
3 70 3810.803955 25.438883 366.691864 14.144582 3697.080078 21.082682
3 80 3983.726562 11.091797 282.024475 7.272450 3898.709717 8.055339
3 90 4152.437988 4.816406 148.518219 2.535355 4108.122070 5.589355
4 10 2177.474121 20.783527 653.520203 10.341573 1973.645752 23.412964
4 20 2570.393799 5.777750 658.123901 0.800618 2365.335205 5.409831
4 30 2817.645996 24.137695 614.288940 8.740295 2626.823486 21.001221
4 40 3100.690674 20.980469 565.450073 11.675964 2926.111816 18.976969
4 50 3383.420654 20.979572 524.017090 14.544901 3221.131348 13.955322
4 60 3641.818848 6.867676 461.967773 2.535370 3500.572998 8.109863
4 70 3828.288330 12.963379 382.304321 3.335988 3709.862061 13.983806
4 80 3973.257324 6.703857 269.014099 2.935659 3890.517578 7.878744
4 90 4090.271484 9.609538 156.724747 0.867355 4043.075439 10.069336
