1 10 1738.666748 10.234131 332.064331 9.274048 1635.520630 7.226685
1 20 2053.504395 9.351237 338.869751 8.473409 1949.176758 6.701375
1 30 2397.019043 23.547607 337.068298 2.935669 2293.652832 23.205404
1 40 2711.507324 17.406820 312.848999 12.876903 2616.452148 21.121338
1 50 3017.399170 37.768719 311.447937 1.067525 2923.095703 38.086994
1 60 3316.645020 5.897135 287.028473 3.069112 3229.084473 7.074056
1 70 3587.037598 3.395589 254.202347 3.335988 3510.647705 4.468994
1 80 3799.180908 22.596598 217.973480 8.606842 3733.325684 19.897217
1 90 4076.748047 18.538900 117.093216 0.333603 4043.089844 18.565268
2 10 1824.354736 5.195068 381.103363 7.739492 1706.719727 7.432210
2 20 2163.701172 25.004639 388.108948 2.602071 2045.253296 26.310181
2 30 2480.129395 46.515705 376.099365 18.614817 2363.745605 40.666016
2 40 2817.481934 47.339439 392.712585 19.882498 2698.000488 41.760090
2 50 3094.054199 30.853760 358.285217 20.683126 2986.062500 23.499186
2 60 3394.851562 15.125325 305.242981 20.349527 3301.996826 9.689860
2 70 3634.539551 36.091145 294.434357 15.412262 3545.932861 31.224447
2 80 3888.601074 18.479980 228.181610 2.001587 3820.339844 18.063150
2 90 4094.087402 26.136557 140.111542 12.676761 4054.287598 22.759604
3 10 1840.573242 7.711223 398.917542 12.476603 1718.036499 4.373209
3 20 2215.234863 37.110516 421.535553 3.069112 2086.522217 36.532555
3 30 2554.591797 14.652181 454.161560 15.412252 2418.132324 8.722819
3 40 2884.134766 2.441162 420.334564 1.334401 2757.158447 1.303792
3 50 3159.437256 25.927572 385.907196 1.868154 3044.013672 24.910238
3 60 3483.356934 16.408529 378.901611 14.878510 3369.174561 12.066162
3 70 3679.189453 1.717529 314.050018 4.069895 3586.196045 0.021077
3 80 3914.091064 15.708984 254.602692 0.133448 3839.835938 16.189697
3 90 4101.027344 17.460043 135.107544 4.336784 4061.796875 16.447672
4 10 1915.391846 1.609701 424.938232 7.806223 1786.478760 3.532959
4 20 2229.062012 10.516602 443.352936 13.677551 2094.828369 14.954102
4 30 2630.831543 45.039062 470.774719 15.212117 2489.142578 39.363686
4 40 2879.800293 50.500648 433.144775 23.752247 2748.262207 43.086914
4 50 3218.840332 3.062174 423.937439 3.202545 3091.614746 3.368815
4 60 3462.387207 1.050781 378.501282 17.413858 3349.315674 3.821696
4 70 3685.764404 8.590901 317.652893 5.804636 3590.402832 7.400879
4 80 3939.882812 32.267090 262.008575 21.283615 3862.946777 26.451010
4 90 4077.175781 2.693685 133.506271 4.203344 4037.219971 4.034831
