1 10 3632.543701 4.765625 929.940247 0.400330 3372.041748 4.345296
1 20 3721.999268 3.957357 844.272095 12.142985 3484.187500 0.559245
1 30 3755.035156 15.865316 748.796082 7.405904 3543.401611 13.647543
1 40 3857.030029 11.853354 653.119873 4.470235 3673.820312 10.094808
1 50 3878.537842 0.831624 554.441345 14.678345 3722.170654 4.493327
1 60 3980.649902 1.829590 470.374420 2.668793 3848.071533 0.821289
1 70 4063.494629 7.707031 362.288391 5.337575 3960.992676 5.858887
1 80 4110.735352 13.973226 263.409668 2.401906 4036.089355 12.822916
1 90 4173.942383 3.496907 154.523010 2.802236 4130.785156 2.754557
2 10 3637.294189 12.147461 952.157898 0.467021 3368.218018 13.844400
2 20 3722.164062 0.400635 879.299927 9.540935 3473.175781 2.624023
2 30 3805.385254 18.655762 777.819153 8.406698 3586.778076 16.757406
2 40 3869.291748 10.635498 683.344055 13.610861 3676.197754 7.622559
2 50 3939.132812 34.064045 581.663025 0.934062 3774.325684 33.299725
2 60 4002.109375 4.529623 498.396729 0.667196 3860.337891 4.779623
2 70 4079.828857 7.907145 395.314636 11.008748 3967.625488 4.862142
2 80 4124.520996 5.345703 280.022888 6.738698 4045.300781 3.647054
2 90 4166.045410 5.385580 143.514252 0.200155 4125.789062 5.198730
3 10 3635.439941 1.222982 959.363647 7.539327 3366.860596 0.206136
3 20 3770.626465 27.194498 889.908386 5.070699 3520.873535 30.950928
3 30 3798.951172 16.469809 777.018555 13.477417 3580.677246 12.068196
3 40 3916.401611 17.868814 698.155701 3.869730 3718.052246 16.741049
3 50 3959.327637 18.264648 600.277832 1.934875 3790.121094 19.357422
3 60 4023.408203 5.363851 501.999573 10.808614 3879.325439 10.197917
3 70 4068.878906 31.616049 382.504456 10.608449 3959.197754 27.757486
3 80 4129.251465 10.611653 287.428772 0.400309 4046.218262 10.567058
3 90 4177.308105 7.530273 156.124283 12.676761 4132.755371 3.968587
4 10 3664.993652 22.921143 961.965698 5.604472 3394.239502 25.523438
4 20 3752.490723 4.482015 894.311890 2.802226 3499.778809 4.884196
4 30 3851.242920 20.236410 814.248169 2.535360 3620.266113 18.656412
4 40 3898.172363 18.020752 708.363892 20.749838 3697.571777 11.870687
4 50 3983.780762 4.650146 617.891907 6.872111 3808.266846 3.886475
4 60 4047.685547 14.428223 521.014771 0.467021 3898.971436 15.166992
4 70 4108.050781 5.368896 415.130432 10.274841 3989.251953 2.492269
4 80 4153.273438 12.531576 307.044403 15.745871 4065.633545 7.899333
4 90 4162.553711 1.426107 168.133835 10.007965 4113.795898 3.754557
