1 10 2193.609863 16.452393 621.494751 23.018330 2012.915649 10.710571
1 20 2439.269531 31.349121 565.450073 17.013550 2276.112793 29.340900
1 30 2787.872070 29.165283 552.439758 11.342366 2631.392578 26.368082
1 40 2978.683594 45.696125 488.388763 25.353516 2838.341309 39.430260
1 50 3224.184326 14.576904 441.951752 3.469442 3097.446289 15.380289
1 60 3461.003418 41.659504 372.096161 12.076294 3355.248535 39.116375
1 70 3691.433105 19.564941 316.451904 3.269267 3601.710205 20.526449
1 80 3898.712402 16.017578 249.198364 1.000799 3826.529297 15.716878
1 90 4072.943359 7.338216 127.901810 2.602071 4037.407471 8.423015
2 10 2239.861084 36.743244 649.717163 24.419434 2054.819824 29.551065
2 20 2528.980957 25.280598 623.896606 22.884888 2350.382324 31.265461
2 30 2756.684570 13.255696 560.646362 7.939616 2595.199707 10.271810
2 40 2998.031982 7.144125 508.004395 17.480570 2850.837402 0.982992
2 50 3277.768311 32.942463 493.192566 10.942038 3136.209473 29.023844
2 60 3482.541016 4.727051 418.933441 4.470235 3362.329590 5.003011
2 70 3734.449951 37.080322 356.083435 9.407491 3631.714844 42.309814
2 80 3906.434082 25.829184 256.604248 1.200958 3833.838623 25.495035
2 90 4111.659180 0.738118 153.922516 21.417053 4068.454590 6.343750
3 10 2258.521240 2.608236 665.729858 0.400289 2067.660645 2.035238
3 20 2569.839355 5.921712 662.327271 3.402690 2381.196533 5.750488
3 30 2810.398926 13.316487 617.091187 6.872131 2634.307129 10.829590
3 40 3092.905029 10.723470 565.850464 3.135844 2932.033936 11.944580
3 50 3313.570312 33.224854 512.608032 3.936462 3167.003418 29.841145
3 60 3491.971924 5.095703 435.947021 15.212107 3367.447754 0.067383
3 70 3752.618652 1.952311 359.486145 7.072296 3651.687012 3.883219
3 80 3941.838379 11.319011 289.430359 16.413055 3859.246826 16.234131
3 90 4098.317383 28.864584 156.124283 7.339172 4053.703125 30.882406
4 10 2297.297852 11.968425 695.553711 9.007182 2099.069824 8.965983
4 20 2618.670410 13.863851 666.330444 15.412252 2428.235107 5.389812
4 30 2819.237793 31.323324 642.511475 1.334412 2635.059082 34.996502
4 40 3099.421875 26.401123 571.454895 3.002401 2935.296875 26.440023
4 50 3430.514893 10.861572 542.631958 6.738708 3275.530029 11.039307
4 60 3564.678955 6.185384 465.170258 7.606049 3431.415283 8.370198
4 70 3778.290283 20.097086 373.697449 5.137421 3671.739502 18.750082
4 80 3965.071533 1.949870 286.027679 2.068309 3882.752686 1.307210
4 90 4085.258545 13.747477 167.133041 5.671183 4037.091064 15.304525
