1 10 3616.851074 13.779948 933.743286 0.333598 3353.699219 14.324300
1 20 3724.121826 7.762125 852.478638 7.272481 3484.563232 7.571858
1 30 3789.283691 23.325684 755.000977 16.546509 3576.152832 19.311197
1 40 3818.934326 18.549643 657.923706 5.537740 3633.287842 16.710855
1 50 3927.987061 15.415121 562.047363 1.467855 3769.002441 15.997640
1 60 3999.377686 21.076904 459.565857 4.403513 3869.576904 20.704346
1 70 4078.968750 1.127441 365.490936 7.606059 3974.610596 2.795736
1 80 4100.519531 1.151855 254.402512 7.939651 4029.385498 3.364420
1 90 4159.077148 0.633789 133.706436 6.138219 4121.238281 0.809570
2 10 3662.219971 25.071533 969.371704 11.542542 3389.604736 20.338705
2 20 3722.595703 34.262939 881.101379 3.469442 3473.803955 35.259357
2 30 3829.225342 17.759195 789.228210 7.806213 3605.357422 21.837484
2 40 3878.582031 6.602539 687.547241 5.003967 3687.038574 4.904623
2 50 3964.881348 10.057780 591.871155 7.139018 3797.572266 7.045654
2 60 4012.218018 24.263916 497.195740 9.741089 3870.343018 22.222168
2 70 4078.005859 3.125325 383.905609 0.533763 3968.427246 3.437337
2 80 4126.886230 6.479818 271.616211 20.883291 4049.376953 0.412598
2 90 4159.438477 4.537761 148.117889 7.339170 4117.051758 1.526367
3 10 3663.244141 26.788086 971.573364 9.073894 3388.943359 30.701172
3 20 3752.111816 22.722576 897.314270 1.134237 3499.895752 23.215332
3 30 3835.059326 5.035889 793.631714 21.683939 3611.398438 1.498128
3 40 3871.904297 29.264160 686.946838 4.536947 3676.136719 31.737467
3 50 3969.632812 6.318929 606.282593 2.735514 3796.764893 6.733968
3 60 4025.575684 1.588949 497.195740 2.935659 3883.996582 2.847249
3 70 4088.084473 11.716716 396.315460 14.011149 3975.135498 8.933187
3 80 4127.194336 5.249023 288.429596 12.610036 4045.315186 8.088704
3 90 4181.192871 2.089518 160.928085 3.069112 4134.671387 2.592122
4 10 3649.664551 7.955892 957.161926 0.800639 3381.235107 7.474365
4 20 3749.243408 1.823161 895.913086 5.737875 3497.153809 1.575928
4 30 3845.132812 35.518066 818.651733 8.006348 3614.396973 33.825764
4 40 3905.179688 11.963948 715.969971 0.467061 3702.948486 13.417643
4 50 3965.268066 17.562420 613.688477 1.734700 3790.833496 15.950358
4 60 4059.091064 7.388428 510.606445 9.274048 3914.587402 9.385091
4 70 4095.272705 20.626221 409.926331 0.533763 3980.022949 20.240316
4 80 4126.046387 6.332356 284.026093 4.069905 4045.399902 5.386230
4 90 4167.658203 0.904460 167.533356 2.868953 4119.591309 0.407064
