1 10 0.000977 0.002930
1 20 0.000000 0.000000
1 30 0.001628 0.000542
1 40 0.000488 0.000163
1 50 0.000391 0.000130
1 60 0.000000 0.000000
1 70 0.000000 0.000000
1 80 0.000488 0.000163
1 90 0.000000 0.000000
2 10 0.001953 0.000651
2 20 0.000488 0.001465
2 30 0.001302 0.000434
2 40 0.001465 0.000488
2 50 0.000391 0.000521
2 60 0.000326 0.000434
2 70 0.000000 0.000000
2 80 0.000488 0.000163
2 90 0.000542 0.000181
3 10 0.000977 0.000326
3 20 0.000000 0.000000
3 30 0.000326 0.000109
3 40 0.000976 0.000488
3 50 0.000000 0.000000
3 60 0.000488 0.000163
3 70 0.000698 0.000233
3 80 0.000732 0.000244
3 90 0.000000 0.000000
4 10 0.000000 0.000000
4 20 0.001465 0.000488
4 30 0.000651 0.000217
4 40 0.001465 0.000488
4 50 0.001172 0.000391
4 60 0.000000 0.000000
4 70 0.000279 0.000093
4 80 0.000610 0.001424
4 90 0.000217 0.000072
