1 10 0.078125 0.022786
1 20 0.079590 0.010254
1 30 0.032552 0.004340
1 40 0.030517 0.006918
1 50 0.025976 0.003711
1 60 0.027669 0.004883
1 70 0.017578 0.000651
1 80 0.018433 0.002482
1 90 0.006727 0.000072
2 10 0.114258 0.021810
2 20 0.056640 0.000651
2 30 0.054687 0.007378
2 40 0.048828 0.001628
2 50 0.032813 0.004036
2 60 0.039063 0.000542
2 70 0.032087 0.004650
2 80 0.016479 0.002238
2 90 0.009006 0.001555
3 10 0.103516 0.014974
3 20 0.084473 0.010254
3 30 0.060872 0.038303
3 40 0.059082 0.005046
3 50 0.059180 0.008008
3 60 0.040039 0.005100
3 70 0.032505 0.002186
3 80 0.025024 0.005493
3 90 0.009548 0.001013
4 10 0.136719 0.042318
4 20 0.093750 0.017578
4 30 0.083008 0.002713
4 40 0.057373 0.010986
4 50 0.063086 0.011523
4 60 0.040527 0.008084
4 70 0.036691 0.000140
4 80 0.019043 0.000651
4 90 0.015516 0.003147
