1 10 0.001953 0.000651
1 20 0.000977 0.000326
1 30 0.001628 0.000543
1 40 0.000000 0.000000
1 50 0.000391 0.000130
1 60 0.000326 0.000109
1 70 0.000139 0.000046
1 80 0.000610 0.000203
1 90 0.000217 0.000072
2 10 0.000977 0.000326
2 20 0.001953 0.000651
2 30 0.000651 0.000217
2 40 0.000976 0.001302
2 50 0.000000 0.000000
2 60 0.000163 0.000054
2 70 0.002232 0.001116
2 80 0.000366 0.000122
2 90 0.000217 0.000072
3 10 0.000000 0.000000
3 20 0.000000 0.000000
3 30 0.000976 0.000326
3 40 0.000244 0.000732
3 50 0.002344 0.000130
3 60 0.000000 0.000000
3 70 0.000139 0.000046
3 80 0.000122 0.000041
3 90 0.000108 0.000036
4 10 0.001953 0.000651
4 20 0.005371 0.001790
4 30 0.001953 0.000651
4 40 0.000488 0.000651
4 50 0.000391 0.000130
4 60 0.000977 0.000326
4 70 0.000698 0.000233
4 80 0.000000 0.000000
4 90 0.000000 0.000000
