1 10 0.074219 0.021484
1 20 0.043945 0.004883
1 30 0.035807 0.007595
1 40 0.032715 0.004395
1 50 0.029297 0.001302
1 60 0.013509 0.003418
1 70 0.017578 0.000186
1 80 0.018555 0.003581
1 90 0.008247 0.000868
2 10 0.084961 0.012044
2 20 0.054199 0.001465
2 30 0.047200 0.010308
2 40 0.040039 0.002930
2 50 0.032422 0.000911
2 60 0.020833 0.002821
2 70 0.025251 0.000511
2 80 0.013794 0.001912
2 90 0.012261 0.000470
3 10 0.075195 0.012044
3 20 0.069824 0.019043
3 30 0.054362 0.023112
3 40 0.044922 0.008464
3 50 0.039258 0.001888
3 60 0.031087 0.003309
3 70 0.027344 0.005301
3 80 0.023071 0.001668
3 90 0.006944 0.000579
4 10 0.070313 0.002604
4 20 0.081055 0.028320
4 30 0.074870 0.006510
4 40 0.047608 0.002035
4 50 0.044531 0.002474
4 60 0.030111 0.000271
4 70 0.028320 0.001534
4 80 0.023560 0.003377
4 90 0.007270 0.001194
