1 10 0.024414 0.004883
1 20 0.021973 0.004069
1 30 0.017578 0.001519
1 40 0.017090 0.000814
1 50 0.013086 0.000456
1 60 0.014811 0.001682
1 70 0.014648 0.003023
1 80 0.008911 0.001099
1 90 0.012153 0.001013
2 10 0.047852 0.003581
2 20 0.033691 0.006348
2 30 0.029622 0.003147
2 40 0.032471 0.003499
2 50 0.025195 0.001888
2 60 0.020182 0.002496
2 70 0.021066 0.000047
2 80 0.015625 0.002523
2 90 0.007921 0.000109
3 10 0.065430 0.008789
3 20 0.046875 0.000651
3 30 0.039714 0.004557
3 40 0.036621 0.001628
3 50 0.027539 0.002018
3 60 0.022949 0.004286
3 70 0.017299 0.001116
3 80 0.014404 0.002116
3 90 0.013021 0.002894
4 10 0.079101 0.003581
4 20 0.049805 0.003581
4 30 0.047852 0.002496
4 40 0.034668 0.010417
4 50 0.036133 0.002279
4 60 0.022786 0.002170
4 70 0.022321 0.006045
4 80 0.019897 0.003133
4 90 0.009766 0.001447
