1 10 0.083985 0.018229
1 20 0.072754 0.013184
1 30 0.051107 0.015516
1 40 0.041748 0.004150
1 50 0.045703 0.000911
1 60 0.033203 0.002930
1 70 0.030134 0.007161
1 80 0.022949 0.000081
1 90 0.014106 0.003617
2 10 0.189453 0.014323
2 20 0.108887 0.043457
2 30 0.079427 0.009115
2 40 0.058350 0.015543
2 50 0.064258 0.007227
2 60 0.051107 0.011176
2 70 0.042411 0.014230
2 80 0.030762 0.002360
2 90 0.018229 0.005136
3 10 0.163086 0.002279
3 20 0.121093 0.010091
3 30 0.097331 0.003364
3 40 0.082031 0.007812
3 50 0.061523 0.000326
3 60 0.062663 0.008952
3 70 0.040458 0.000930
3 80 0.037109 0.003011
3 90 0.020833 0.012225
4 10 0.169922 0.037109
4 20 0.145020 0.015137
4 30 0.134115 0.003038
4 40 0.078369 0.003337
4 50 0.072265 0.002604
4 60 0.065918 0.009494
4 70 0.038086 0.002186
4 80 0.029297 0.002034
4 90 0.021267 0.003110
