1 10 0.035156 0.001953
1 20 0.027344 0.002604
1 30 0.019206 0.002062
1 40 0.017334 0.004801
1 50 0.013281 0.001172
1 60 0.011230 0.000488
1 70 0.012835 0.005952
1 80 0.009766 0.002441
1 90 0.006402 0.000036
2 10 0.054687 0.001302
2 20 0.044922 0.002930
2 30 0.027995 0.006076
2 40 0.023682 0.000244
2 50 0.023828 0.005990
2 60 0.020508 0.008355
2 70 0.017997 0.003209
2 80 0.016357 0.003093
2 90 0.008789 0.000398
3 10 0.075195 0.002279
3 20 0.051270 0.000814
3 30 0.038086 0.001845
3 40 0.028320 0.000326
3 50 0.027344 0.007161
3 60 0.021159 0.003798
3 70 0.021066 0.002837
3 80 0.017700 0.003459
3 90 0.010634 0.001881
4 10 0.066406 0.000651
4 20 0.060059 0.002767
4 30 0.047526 0.010417
4 40 0.036865 0.001709
4 50 0.029297 0.003255
4 60 0.027995 0.003147
4 70 0.025391 0.001302
4 80 0.018433 0.000448
4 90 0.009657 0.000687
