1 10 0.007422 0.000456
1 20 0.010547 0.000391
1 30 0.011426 0.000098
1 40 0.014453 0.001237
1 50 0.017871 0.000098
1 60 0.014355 0.000098
1 70 0.016992 0.000781
1 80 0.016699 0.002897
1 90 0.011816 0.001335
2 10 0.013769 0.000293
2 20 0.014355 0.000228
2 30 0.018652 0.002246
2 40 0.020996 0.000163
2 50 0.023731 0.003157
2 60 0.022070 0.002083
2 70 0.022168 0.001074
2 80 0.023828 0.000456
2 90 0.014453 0.001562
3 10 0.014453 0.000065
3 20 0.018066 0.001139
3 30 0.024414 0.000326
3 40 0.023242 0.000911
3 50 0.021387 0.004264
3 60 0.024317 0.000683
3 70 0.029199 0.000033
3 80 0.024512 0.000033
3 90 0.019238 0.002376
4 10 0.016602 0.001302
4 20 0.021485 0.000977
4 30 0.027441 0.001986
4 40 0.025586 0.002018
4 50 0.030078 0.002865
4 60 0.034863 0.000553
4 70 0.023926 0.004069
4 80 0.027051 0.000553
4 90 0.020312 0.002539
