1 10 0.029883 0.001107
1 20 0.031055 0.001042
1 30 0.034375 0.001888
1 40 0.034375 0.000911
1 50 0.032031 0.003841
1 60 0.028711 0.001107
1 70 0.033496 0.004460
1 80 0.029785 0.003092
1 90 0.019531 0.002604
2 10 0.033594 0.002083
2 20 0.037988 0.004525
2 30 0.037793 0.002376
2 40 0.044629 0.003678
2 50 0.041211 0.000260
2 60 0.039941 0.001009
2 70 0.038281 0.001237
2 80 0.031543 0.001204
2 90 0.022656 0.000912
3 10 0.039258 0.000065
3 20 0.050586 0.001693
3 30 0.043945 0.004232
3 40 0.049414 0.001107
3 50 0.048633 0.000065
3 60 0.043555 0.002409
3 70 0.038574 0.001465
3 80 0.039355 0.002376
3 90 0.024902 0.000488
4 10 0.042188 0.003320
4 20 0.047559 0.001530
4 30 0.046484 0.001432
4 40 0.049219 0.004362
4 50 0.054980 0.001400
4 60 0.053711 0.000326
4 70 0.050586 0.001563
4 80 0.034375 0.002539
4 90 0.025879 0.001139
