1 10 0.029687 0.003450
1 20 0.035254 0.000033
1 30 0.032910 0.002506
1 40 0.036426 0.001725
1 50 0.030957 0.001855
1 60 0.028711 0.002148
1 70 0.032715 0.001790
1 80 0.024219 0.004948
1 90 0.019336 0.000391
2 10 0.037207 0.000293
2 20 0.037695 0.005078
2 30 0.041894 0.001269
2 40 0.039355 0.001205
2 50 0.043067 0.002571
2 60 0.039160 0.002246
2 70 0.038770 0.003678
2 80 0.030567 0.011295
2 90 0.023730 0.003027
3 10 0.041016 0.001628
3 20 0.047168 0.006413
3 30 0.047559 0.007389
3 40 0.042773 0.001237
3 50 0.048242 0.002083
3 60 0.044336 0.002083
3 70 0.046875 0.003581
3 80 0.042090 0.002311
3 90 0.025098 0.000749
4 10 0.038574 0.003418
4 20 0.053320 0.000846
4 30 0.053418 0.002051
4 40 0.050195 0.005078
4 50 0.052246 0.002116
4 60 0.053320 0.001432
4 70 0.049609 0.002539
4 80 0.039746 0.000228
4 90 0.023437 0.001628
