1 10 0.022070 0.001172
1 20 0.018360 0.002344
1 30 0.027246 0.006152
1 40 0.033203 0.004232
1 50 0.035937 0.005469
1 60 0.032422 0.000716
1 70 0.030176 0.000032
1 80 0.023047 0.005729
1 90 0.019727 0.003646
2 10 0.031543 0.004004
2 20 0.034473 0.005436
2 30 0.042187 0.006901
2 40 0.043945 0.008464
2 50 0.040137 0.003548
2 60 0.042090 0.000684
2 70 0.032617 0.003711
2 80 0.031055 0.003841
2 90 0.018945 0.003060
3 10 0.031543 0.005306
3 20 0.040039 0.003906
3 30 0.043652 0.002376
3 40 0.051269 0.002441
3 50 0.049805 0.005534
3 60 0.051172 0.000521
3 70 0.038770 0.002051
3 80 0.039453 0.000456
3 90 0.019043 0.003092
4 10 0.044043 0.000033
4 20 0.044922 0.003906
4 30 0.055957 0.007715
4 40 0.051660 0.010124
4 50 0.056641 0.001953
4 60 0.052246 0.001139
4 70 0.041504 0.002767
4 80 0.041797 0.005143
4 90 0.022559 0.000358
