1 10 0.312695 0.001563
1 20 0.282031 0.000391
1 30 0.244238 0.004264
1 40 0.209473 0.000488
1 50 0.173730 0.000033
1 60 0.140527 0.002572
1 70 0.109863 0.006022
1 80 0.080176 0.000684
1 90 0.038574 0.001790
2 10 0.312207 0.001204
2 20 0.278809 0.000488
2 30 0.246875 0.003190
2 40 0.214942 0.004590
2 50 0.182422 0.006250
2 60 0.147949 0.000814
2 70 0.112598 0.002506
2 80 0.076660 0.002116
2 90 0.035351 0.000390
3 10 0.309863 0.000228
3 20 0.284375 0.000586
3 30 0.243359 0.000586
3 40 0.224805 0.005925
3 50 0.184375 0.002344
3 60 0.152734 0.003776
3 70 0.113281 0.006185
3 80 0.083594 0.002734
3 90 0.038281 0.001042
4 10 0.311914 0.008919
4 20 0.278223 0.001595
4 30 0.261719 0.014649
4 40 0.223926 0.002181
4 50 0.188379 0.001595
4 60 0.156250 0.002930
4 70 0.118945 0.001888
4 80 0.080176 0.005827
4 90 0.043359 0.001107
