1 10 0.051953 0.002344
1 20 0.050586 0.001042
1 30 0.057129 0.003092
1 40 0.050488 0.002181
1 50 0.049609 0.003646
1 60 0.048340 0.004394
1 70 0.040430 0.002734
1 80 0.037402 0.001400
1 90 0.019336 0.001693
2 10 0.056152 0.002441
2 20 0.060352 0.000716
2 30 0.056250 0.003125
2 40 0.055859 0.000912
2 50 0.056738 0.001009
2 60 0.049023 0.000065
2 70 0.049512 0.004134
2 80 0.033496 0.005436
2 90 0.027441 0.003223
3 10 0.057715 0.000293
3 20 0.061426 0.002572
3 30 0.066406 0.000326
3 40 0.064746 0.002507
3 50 0.059766 0.003841
3 60 0.051953 0.000065
3 70 0.047461 0.001432
3 80 0.046094 0.003190
3 90 0.029004 0.000879
4 10 0.063574 0.000358
4 20 0.072656 0.001497
4 30 0.069922 0.003776
4 40 0.066895 0.004394
4 50 0.078809 0.000228
4 60 0.063379 0.001335
4 70 0.054101 0.004036
4 80 0.049023 0.001693
4 90 0.026953 0.001107
