1 10 0.303613 0.000033
1 20 0.281543 0.008366
1 30 0.246289 0.005469
1 40 0.205859 0.009180
1 50 0.183301 0.000228
1 60 0.146875 0.008333
1 70 0.113379 0.005501
1 80 0.073926 0.001725
1 90 0.036133 0.001953
2 10 0.323047 0.004818
2 20 0.281152 0.006803
2 30 0.261133 0.002409
2 40 0.213477 0.002800
2 50 0.185059 0.000814
2 60 0.147754 0.006738
2 70 0.118945 0.002669
2 80 0.077441 0.001856
2 90 0.034863 0.003157
3 10 0.320312 0.000977
3 20 0.280567 0.001725
3 30 0.259668 0.001335
3 40 0.214551 0.004134
3 50 0.193555 0.001237
3 60 0.147851 0.003451
3 70 0.116406 0.002539
3 80 0.083887 0.001921
3 90 0.040625 0.000521
4 10 0.318652 0.009017
4 20 0.285449 0.003027
4 30 0.251660 0.002702
4 40 0.219043 0.003809
4 50 0.189160 0.003809
4 60 0.159570 0.005013
4 70 0.115137 0.004850
4 80 0.073730 0.002767
4 90 0.043750 0.001693
