1 10 1466.916260 14.078532 404.922333 12.209727 1337.495972 20.547770
1 20 1848.963257 17.471964 380.903168 0.467051 1729.677979 16.915649
1 30 2223.111816 23.877197 389.109711 7.739502 2099.788574 22.141275
1 40 2597.403809 3.302979 385.707001 4.870554 2474.714111 3.308268
1 50 2960.241455 5.028158 376.099396 6.071493 2842.227539 6.122233
1 60 3323.610840 31.198648 352.680725 8.139811 3215.831787 28.622232
1 70 3632.145020 7.682373 293.433563 2.401906 3540.928467 5.938965
1 80 3814.992188 18.462729 204.963165 11.075480 3751.395264 15.376384
1 90 4068.812500 6.641194 122.497513 0.800639 4033.112793 7.307536
2 10 1635.652100 3.635091 477.580170 3.069112 1490.099487 6.536906
2 20 2055.899170 29.490316 493.592926 12.409882 1905.273438 24.834759
2 30 2404.833984 16.364014 482.183777 0.600464 2254.772949 16.441162
2 40 2782.668457 29.349527 460.566589 3.936472 2636.244385 28.467611
2 50 3082.295166 4.384196 424.337799 1.334391 2951.651123 5.371908
2 60 3355.385254 21.966879 370.294739 0.667206 3239.948486 22.852377
2 70 3701.083252 28.427652 322.056335 17.947611 3601.270020 22.619873
2 80 3881.765625 1.487630 231.384186 11.075485 3810.825439 5.156820
2 90 4098.950684 5.906250 135.507874 0.867355 4058.990723 5.880534
3 10 1714.747314 40.183025 528.020325 13.210521 1553.740479 37.689980
3 20 2084.955566 28.218832 510.006012 19.215311 1924.591064 21.032349
3 30 2520.007324 3.335205 529.021118 6.872141 2354.542480 7.151937
3 40 2934.052979 6.805745 535.826538 8.206523 2766.760010 3.008219
3 50 3158.747803 116.852867 473.777161 55.177265 3013.201660 100.726242
3 60 3440.436768 36.979168 409.926331 0.533763 3312.878174 36.127522
3 70 3776.912109 39.855549 362.288391 24.019114 3666.318848 31.428143
3 80 3982.286377 10.932292 280.623383 0.133443 3896.794922 11.865397
3 90 4131.940430 9.029622 145.115509 0.333598 4088.617188 8.916016
4 10 1766.362549 5.124796 535.626343 13.744263 1601.274902 7.894735
4 20 2213.788574 57.844402 577.259521 30.424213 2033.527344 48.362061
4 30 2589.359375 39.463707 565.650269 25.086639 2416.760742 31.839437
4 40 2931.473389 14.963135 542.231628 7.405884 2764.414062 12.573567
4 50 3281.049316 27.857422 490.590485 7.272471 3130.219727 27.647055
4 60 3550.974121 3.004802 438.949463 11.542542 3417.529297 2.054199
4 70 3763.572998 19.863525 350.278870 2.001607 3657.044434 20.644287
4 80 3975.674561 16.820148 271.416046 4.937266 3892.746826 16.427490
4 90 4092.487793 2.345703 164.530975 8.807012 4043.509033 5.455485
