1 10 2321.809814 27.308025 640.109558 10.541728 2134.146729 23.371256
1 20 2572.669434 26.049969 629.501099 16.346354 2388.014648 21.161377
1 30 2822.861816 8.949056 606.282593 0.733927 2644.071533 9.282878
1 40 3138.076660 6.146240 602.879822 2.135010 2961.721924 7.557129
1 50 3326.614014 27.458414 571.054565 10.208130 3159.358887 25.139811
1 60 3613.669189 8.826741 557.844055 0.200155 3448.507812 8.360433
1 70 3851.664062 21.788004 520.414246 23.351929 3698.328613 15.664958
1 80 4072.269531 0.404378 479.581726 4.937276 3932.542236 1.091309
1 90 4315.108887 2.649577 430.342590 6.004771 4190.690430 4.933594
2 10 2364.489014 18.420166 694.953186 15.478984 2158.510986 14.646729
2 20 2628.860107 3.905029 651.718750 15.745850 2436.004395 1.985107
2 30 2936.032959 5.525716 677.339172 14.945230 2736.047119 2.731120
2 40 3161.418701 11.297119 625.898254 20.883282 2979.106934 17.579346
2 50 3345.826660 45.781086 583.464478 22.351135 3175.364502 37.818199
2 60 3643.486816 58.701172 574.457336 30.023914 3476.390137 49.753258
2 70 3907.500732 23.826578 561.847290 6.204915 3743.728516 23.019207
2 80 4117.053223 2.360677 496.595276 5.404297 3971.628174 3.879639
2 90 4317.141602 0.909017 445.954987 0.533763 4187.770508 0.695964
3 10 2356.211182 1.988932 691.150208 3.536153 2153.365479 3.183512
3 20 2642.920166 18.004070 681.342346 14.411479 2441.644287 14.599772
3 30 2956.073242 58.014729 686.946838 0.133443 2755.901123 57.987793
3 40 3206.972656 32.904865 637.107178 12.876933 3019.886963 29.889486
3 50 3481.382080 14.779866 650.718079 12.076314 3291.900879 17.846272
3 60 3742.751465 6.401042 633.304138 12.943644 3556.159424 2.205566
3 70 3949.698730 65.122070 578.460449 24.686319 3781.526855 57.654133
3 80 4140.698730 3.151367 531.022644 11.142212 3986.248047 0.969238
3 90 4310.520020 17.238117 434.746094 2.535339 4183.349121 18.239258
4 10 2406.045410 17.113037 704.760925 1.934896 2199.363525 20.110270
4 20 2697.916016 30.854572 714.969116 0.800639 2489.209473 29.771484
4 30 2962.212402 19.920980 675.737854 8.273274 2764.230957 16.251547
4 40 3252.973145 39.530602 688.748230 8.740275 3053.420410 37.198406
4 50 3486.458496 0.470459 634.505066 21.350321 3303.764893 7.396729
4 60 3744.859375 5.336588 624.096802 6.805420 3562.880371 3.370605
4 70 3967.463623 34.059410 573.856812 14.211304 3801.030762 31.007650
4 80 4155.298340 4.038574 527.820190 0.467061 4000.716309 4.255371
4 90 4305.041504 9.782063 453.961334 8.540120 4171.283203 7.952962
