1 10 3674.487061 3.332113 958.362915 2.135010 3403.955566 4.736003
1 20 3799.710938 43.737305 928.138855 9.540914 3538.040527 40.834229
1 30 3884.674316 14.375488 885.304688 5.804626 3636.336670 13.046713
1 40 3974.079590 32.721191 834.063965 3.803040 3738.378174 33.256268
1 50 4092.203613 8.690430 780.821472 16.613241 3870.871826 2.626302
1 60 4182.763184 11.391113 762.006531 2.868958 3964.805908 9.067546
1 70 4287.614746 5.097819 710.165283 2.802226 4084.150391 6.140462
1 80 4344.749023 23.495605 664.729126 3.269267 4153.794434 23.191568
1 90 4443.721191 6.307129 624.497070 0.667216 4264.705566 6.414876
2 10 3700.649902 3.800618 979.980103 0.400330 3424.740967 4.433594
2 20 3808.541016 15.150634 919.131653 9.207316 3550.117920 15.533121
2 30 3901.099121 8.846110 882.102173 14.478189 3653.166016 11.291586
2 40 4033.460449 7.180338 850.476929 5.404317 3792.827393 8.540120
2 50 4080.731689 7.918375 810.044800 1.134237 3849.007080 7.766764
2 60 4177.954590 1.027506 750.997742 19.882507 3962.808105 6.196370
2 70 4269.833008 18.232422 695.553650 9.674357 4072.393066 16.475424
2 80 4357.770020 0.090495 682.943604 6.538554 4163.388184 2.664062
2 90 4442.260742 8.065104 637.107178 1.534566 4258.398438 9.578613
3 10 3701.367676 8.930257 958.963379 5.404317 3430.667236 7.998209
3 20 3809.522217 7.426677 935.544739 11.742676 3545.265137 9.441243
3 30 3908.732910 8.443848 894.512085 12.076273 3657.135254 5.673014
3 40 4003.230469 7.471110 847.274536 9.807779 3762.160889 11.983725
3 50 4063.828125 2.565755 799.836670 12.409872 3835.710449 1.027018
3 60 4162.492188 10.332520 768.611755 4.670370 3943.614502 10.618978
3 70 4289.723633 10.208984 731.582336 15.679158 4081.050049 4.891520
3 80 4362.005371 3.612630 693.351929 16.413067 4163.768555 0.812988
3 90 4435.042969 5.369792 625.097595 6.204936 4256.043457 4.092285
4 10 3701.583496 20.141195 972.373901 4.803854 3429.548340 18.606853
4 20 3796.505127 11.718262 914.928345 1.267660 3540.577637 10.326497
4 30 3878.164795 5.981608 876.097351 13.544128 3631.067871 3.528809
4 40 3986.998779 21.321371 851.277649 21.550497 3744.737549 13.465007
4 50 4109.066895 6.043294 823.455444 14.411479 3876.297363 8.043376
4 60 4207.965820 3.582031 774.616638 5.337585 3987.764404 6.242757
4 70 4293.231445 32.960938 717.170898 5.804606 4088.766357 31.127359
4 80 4381.279297 16.566080 705.761780 3.602865 4178.507812 15.712077
4 90 4455.405273 6.248698 641.911011 24.219259 4271.580566 13.582683
