1 10 1264.964111 51.913033 280.423218 38.851879 1179.664673 42.434399
1 20 1653.254883 33.916279 291.832275 33.516983 1563.816528 25.715260
1 30 2086.718750 71.178894 331.263672 40.914516 1985.516968 63.175095
1 40 2447.055176 71.488358 313.849792 45.082035 2351.196045 61.917446
1 50 2816.691406 62.755009 319.254120 30.049837 2719.109863 57.207466
1 60 3117.859131 80.010254 267.613037 44.267448 3036.419434 68.380371
1 70 3537.382324 56.322815 258.205536 22.821674 3458.539795 50.870094
1 80 3759.745605 66.327080 195.955963 39.533367 3700.359375 57.732372
1 90 4065.382080 35.688667 117.893845 14.812692 4030.921875 33.033848
2 10 1366.368042 38.263000 339.670410 24.186260 1263.708130 31.405966
2 20 1820.083618 133.915237 383.305115 62.554905 1703.805908 117.118347
2 30 2206.993408 100.249565 386.907990 36.016937 2089.941895 92.983635
2 40 2629.610352 119.645554 400.118500 52.335274 2507.090820 105.263901
2 50 2892.358398 71.900017 344.274048 41.837074 2787.164551 61.678680
2 60 3270.960205 86.777809 322.256500 47.638107 3173.441406 73.736420
2 70 3566.971436 80.485329 289.030090 23.780708 3479.133301 75.267921
2 80 3834.964844 49.118179 216.972733 22.610033 3769.728516 43.517284
2 90 4073.453857 39.244759 121.296555 13.216580 4038.324219 36.743561
3 10 1415.981445 57.999981 362.088196 39.205460 1307.531982 51.937481
3 20 1878.885376 95.491493 399.718201 50.487526 1757.976318 81.052246
3 30 2301.394043 108.015129 435.346588 72.046547 2168.685303 87.634933
3 40 2665.427002 97.092522 417.332214 60.720501 2539.870605 85.880814
3 50 2972.647461 73.094025 396.315460 29.326361 2853.102051 68.338921
3 60 3366.298096 104.448853 374.698242 51.290108 3253.519287 91.179482
3 70 3710.997559 104.894188 345.475006 37.162376 3607.886719 96.879951
3 80 3879.808594 83.407761 256.203918 34.937214 3803.388672 74.190826
3 90 4109.287109 58.771896 138.710419 21.558851 4068.682129 52.884281
4 10 1569.175415 103.685020 437.548279 48.675266 1440.297852 94.407112
4 20 2062.895264 93.331467 512.207703 55.753551 1909.732178 78.336197
4 30 2366.443848 134.019043 458.965393 68.679573 2228.612793 116.184677
4 40 2719.099854 109.941177 446.355316 60.446793 2585.085449 93.273857
4 50 3079.749512 100.965836 436.947754 40.540703 2948.764893 91.080147
4 60 3427.982422 74.228630 411.327454 30.911491 3304.598389 66.283333
4 70 3707.076904 68.779724 340.871338 34.925110 3606.133301 62.405594
4 80 3880.373535 62.703693 252.801239 27.036741 3804.404785 57.104218
4 90 4081.005859 41.772297 151.120285 23.819054 4036.333252 38.438309
