1 10 2449.476807 16.062420 707.563293 11.008789 2245.812256 18.670736
1 20 2718.584229 21.605795 712.567261 0.667216 2511.012451 19.469809
1 30 2965.340332 48.626709 701.758606 8.273254 2761.029785 45.417645
1 40 3219.896240 61.184406 682.543335 15.345561 3022.732178 55.443684
1 50 3402.375000 40.853840 654.521057 3.335999 3211.730957 39.356525
1 60 3698.916748 4.512289 623.496277 0.333618 3519.076172 3.358317
1 70 3972.596191 12.218588 643.512207 14.344768 3784.651855 9.120931
1 80 4146.327148 34.003986 588.268250 9.274048 3975.990967 30.601971
1 90 4350.595215 1.247233 544.433411 4.670390 4192.750000 0.744303
2 10 2535.648926 42.542564 760.005005 19.548889 2317.562988 36.734131
2 20 2726.409180 6.228597 730.381409 5.404297 2516.088623 4.730225
2 30 2992.241699 27.901205 717.371033 1.067525 2785.286377 28.937256
2 40 3266.636230 26.800537 720.373413 1.267680 3060.171631 25.954914
2 50 3492.986816 21.286541 691.550476 7.672770 3293.149170 21.182373
2 60 3703.227295 15.062907 653.119934 2.868958 3515.320801 17.366537
2 70 4004.564453 10.605713 654.120667 10.808614 3815.502686 8.556152
2 80 4149.221191 9.158040 584.265076 6.605266 3980.207520 11.856202
2 90 4383.348633 17.934244 545.434143 18.347931 4225.001953 12.962402
3 10 2560.489990 9.553955 783.623718 0.333577 2334.451660 11.325439
3 20 2817.393555 68.398598 768.812012 21.417053 2594.197510 64.829590
3 30 3023.948730 39.357014 731.782471 15.078653 2812.737793 35.754799
3 40 3322.487793 3.479492 732.783325 6.738708 3112.848877 3.767985
3 50 3527.057129 5.340250 711.566467 11.008789 3323.397217 2.380208
3 60 3786.177002 22.463053 677.539368 15.011963 3591.809082 18.206135
3 70 4002.213623 5.101481 645.113464 4.870524 3816.318359 6.549805
3 80 4158.680664 14.936035 584.064941 3.202555 3989.451660 17.198568
3 90 4370.397461 0.617350 524.217346 0.600505 4219.568848 1.269694
4 10 2654.625732 59.881023 801.037598 8.139791 2426.758301 59.179852
4 20 2824.167480 11.616373 770.813599 1.401123 2602.753906 12.056315
4 30 3073.479004 41.955566 748.195557 2.135030 2857.388672 44.151691
4 40 3385.952637 41.819092 750.797607 15.278849 3172.386963 36.092854
4 50 3597.953613 35.580971 733.583862 7.672791 3387.073730 32.446045
4 60 3802.419922 33.495441 682.943665 18.147787 3608.164551 28.271811
4 70 4015.049561 12.145833 654.120728 8.540141 3826.236328 15.788574
4 80 4224.271973 25.694498 603.680542 11.075480 4051.439941 22.136963
4 90 4367.194336 17.704264 553.240417 4.403503 4206.843262 16.889648
