1 10 1765.763306 71.141739 340.671204 25.768005 1659.187500 66.318497
1 20 2135.985840 52.632004 380.703033 29.924397 2018.505127 43.894260
1 30 2522.702881 118.069145 425.138428 36.534184 2392.727539 106.984947
1 40 2803.693359 112.805222 411.127289 35.508461 2677.973389 103.970329
1 50 3177.415527 60.218639 448.156738 42.244205 3041.940918 52.993805
1 60 3520.343018 86.375504 463.969330 48.017853 3379.955078 71.930130
1 70 3722.160156 109.966942 424.738098 52.287193 3595.453613 99.302704
1 80 4019.309814 55.091866 434.145569 35.947655 3890.406982 48.138081
1 90 4266.083496 27.288040 399.518005 25.462139 4149.173340 25.378700
2 10 1907.537720 97.805229 396.315460 27.799017 1784.759399 89.465187
2 20 2266.750244 82.273254 440.951019 35.556690 2130.659912 72.286453
2 30 2638.724121 77.306229 463.168701 34.283836 2496.707031 68.611732
2 40 2929.672607 72.213867 472.776367 34.921928 2786.491699 65.794861
2 50 3200.350830 99.315643 480.982849 47.432549 3054.423340 87.640083
2 60 3575.932129 73.632622 490.190247 40.698509 3429.714355 67.350159
2 70 3807.037109 106.684204 476.179108 55.296570 3665.653809 94.409943
2 80 4090.376221 25.572035 443.152771 31.368233 3959.281982 28.017866
2 90 4282.775879 38.563030 408.325012 20.564417 4163.250000 36.402744
3 10 1975.015869 69.375862 426.139221 19.393543 1843.309570 65.118546
3 20 2312.691406 86.821327 451.759613 24.533470 2174.415283 81.935562
3 30 2653.054443 71.782906 472.976562 30.046875 2509.065674 64.533638
3 40 2957.756592 132.375000 500.398285 64.078773 2806.299072 115.865570
3 50 3230.930176 84.380310 501.799408 27.991308 3079.723145 79.487434
3 60 3615.151123 73.032890 518.012390 30.028349 3460.921143 67.263931
3 70 3895.999512 77.072800 513.608765 36.704361 3744.697998 71.697517
3 80 4104.592285 48.817120 482.784332 31.799515 3963.156982 43.610722
3 90 4332.072266 50.415142 445.354492 24.464424 4203.271973 46.611801
4 10 2005.876709 101.067078 438.348969 24.695328 1871.138672 95.873299
4 20 2384.066650 106.722427 494.193359 37.009338 2233.255859 97.979897
4 30 2742.606934 72.063713 514.009155 26.784477 2588.536621 68.047684
4 40 3135.584961 84.010262 562.848022 38.243874 2966.444092 74.720757
4 50 3335.050293 102.150887 529.421448 46.352242 3176.774414 99.856087
4 60 3613.647949 93.172417 505.202148 48.049366 3464.222168 84.120483
4 70 3857.968018 89.273956 505.001953 39.200920 3708.126953 81.665367
4 80 4084.547607 42.896263 480.182281 20.247000 3943.462891 42.742977
4 90 4282.249512 38.682987 433.344971 26.220961 4155.618164 37.134823
