1 10 0.014453 0.005101
1 20 0.020996 0.009560
1 30 0.026270 0.007019
1 40 0.029981 0.009242
1 50 0.026660 0.011509
1 60 0.037012 0.007557
1 70 0.034473 0.010569
1 80 0.023731 0.012675
1 90 0.017285 0.002304
2 10 0.026367 0.009401
2 20 0.031933 0.007132
2 30 0.033398 0.008297
2 40 0.039649 0.006448
2 50 0.034961 0.011479
2 60 0.033984 0.010998
2 70 0.039551 0.016199
2 80 0.029883 0.006954
2 90 0.019922 0.005470
3 10 0.031250 0.007437
3 20 0.036035 0.011577
3 30 0.040625 0.011548
3 40 0.049414 0.009593
3 50 0.041504 0.015166
3 60 0.044531 0.009175
3 70 0.044824 0.011504
3 80 0.040234 0.007742
3 90 0.023242 0.007548
4 10 0.035059 0.008606
4 20 0.041894 0.008813
4 30 0.044238 0.010086
4 40 0.049609 0.010576
4 50 0.051074 0.012379
4 60 0.055957 0.010748
4 70 0.045703 0.010323
4 80 0.044043 0.012984
4 90 0.026269 0.006218
