1 10 0.091797 0.039655
1 20 0.088379 0.024191
1 30 0.092448 0.019723
1 40 0.084961 0.020837
1 50 0.082813 0.012929
1 60 0.085937 0.015888
1 70 0.087891 0.007973
1 80 0.092163 0.012909
1 90 0.089844 0.010380
2 10 0.080078 0.031155
2 20 0.081055 0.027351
2 30 0.095703 0.020369
2 40 0.089844 0.018728
2 50 0.086523 0.012826
2 60 0.080729 0.014399
2 70 0.081473 0.013704
2 80 0.092896 0.006940
2 90 0.090061 0.010826
3 10 0.096680 0.029279
3 20 0.097168 0.026189
3 30 0.086263 0.007557
3 40 0.091553 0.015580
3 50 0.086133 0.018969
3 60 0.099772 0.019059
3 70 0.081194 0.012509
3 80 0.083985 0.013700
3 90 0.088216 0.013021
4 10 0.115234 0.028303
4 20 0.087891 0.022902
4 30 0.093750 0.017617
4 40 0.085205 0.012839
4 50 0.093555 0.015799
4 60 0.092285 0.011120
4 70 0.088867 0.010727
4 80 0.089478 0.010375
4 90 0.092665 0.016306
