1 10 0.008203 0.002808
1 20 0.010059 0.002112
1 30 0.012305 0.004019
1 40 0.012793 0.004205
1 50 0.015820 0.005122
1 60 0.013379 0.005468
1 70 0.017090 0.007091
1 80 0.013184 0.005393
1 90 0.012207 0.006299
2 10 0.011524 0.004506
2 20 0.014746 0.005904
2 30 0.018262 0.004246
2 40 0.022070 0.004148
2 50 0.020801 0.007207
2 60 0.021680 0.006359
2 70 0.022656 0.007144
2 80 0.018555 0.004828
2 90 0.012988 0.003798
3 10 0.010645 0.002779
3 20 0.017285 0.006462
3 30 0.023340 0.006726
3 40 0.023535 0.005514
3 50 0.022266 0.004529
3 60 0.024512 0.005721
3 70 0.029687 0.010570
3 80 0.022461 0.006859
3 90 0.015723 0.008861
4 10 0.016504 0.003837
4 20 0.025098 0.008613
4 30 0.023828 0.004299
4 40 0.026855 0.008479
4 50 0.026856 0.008315
4 60 0.029688 0.007397
4 70 0.030273 0.007250
4 80 0.023047 0.003512
4 90 0.018164 0.004677
