1 10 0.119141 0.054236
1 20 0.088379 0.025262
1 30 0.086914 0.031933
1 40 0.083740 0.028449
1 50 0.075195 0.021909
1 60 0.065104 0.020052
1 70 0.071708 0.016219
1 80 0.066162 0.009694
1 90 0.061524 0.009946
2 10 0.161133 0.080825
2 20 0.108399 0.039987
2 30 0.105143 0.025357
2 40 0.106690 0.022437
2 50 0.078125 0.014674
2 60 0.073405 0.013820
2 70 0.078543 0.017263
2 80 0.065796 0.011135
2 90 0.058160 0.014694
3 10 0.173828 0.061729
3 20 0.138184 0.044755
3 30 0.103841 0.042649
3 40 0.102783 0.032275
3 50 0.098828 0.019794
3 60 0.086426 0.020029
3 70 0.073242 0.013369
3 80 0.065552 0.023018
3 90 0.061307 0.010622
4 10 0.149414 0.040671
4 20 0.138672 0.035075
4 30 0.111003 0.042814
4 40 0.097168 0.026087
4 50 0.099609 0.014616
4 60 0.095703 0.025468
4 70 0.074498 0.017240
4 80 0.072876 0.014592
4 90 0.065213 0.009013
