1 10 0.008789 0.002930
1 20 0.001953 0.000651
1 30 0.005534 0.001845
1 40 0.000488 0.000163
1 50 0.002148 0.000716
1 60 0.000000 0.000000
1 70 0.000418 0.000139
1 80 0.000854 0.000529
1 90 0.000434 0.000145
2 10 0.000000 0.000000
2 20 0.004395 0.001465
2 30 0.005208 0.001736
2 40 0.002441 0.000814
2 50 0.000391 0.000130
2 60 0.000488 0.000163
2 70 0.002372 0.000791
2 80 0.000488 0.000163
2 90 0.000108 0.000036
3 10 0.000977 0.000326
3 20 0.002441 0.005697
3 30 0.000326 0.000109
3 40 0.001709 0.002686
3 50 0.000781 0.002344
3 60 0.000976 0.000326
3 70 0.000000 0.000000
3 80 0.000610 0.000203
3 90 0.000434 0.000145
4 10 0.005859 0.001953
4 20 0.000977 0.000326
4 30 0.000651 0.000868
4 40 0.000488 0.000163
4 50 0.003516 0.001172
4 60 0.000977 0.000217
4 70 0.000000 0.000000
4 80 0.000488 0.000163
4 90 0.000108 0.000036
