1 10 0.001953 0.006176
1 20 0.000000 0.000000
1 30 0.000651 0.001372
1 40 0.000977 0.003088
1 50 0.000976 0.002479
1 60 0.000000 0.000000
1 70 0.000698 0.001771
1 80 0.000122 0.000386
1 90 0.000217 0.000686
2 10 0.000977 0.003088
2 20 0.000000 0.000000
2 30 0.002604 0.005490
2 40 0.000977 0.003088
2 50 0.000195 0.000618
2 60 0.000976 0.002197
2 70 0.000976 0.002186
2 80 0.000000 0.000000
2 90 0.000217 0.000457
3 10 0.004883 0.012395
3 20 0.007324 0.018593
3 30 0.004232 0.012281
3 40 0.000244 0.000772
3 50 0.001758 0.002676
3 60 0.004395 0.010209
3 70 0.000139 0.000441
3 80 0.000610 0.001550
3 90 0.000760 0.001358
4 10 0.001953 0.004118
4 20 0.002930 0.006591
4 30 0.004557 0.012199
4 40 0.002197 0.004061
4 50 0.001367 0.002445
4 60 0.000488 0.000786
4 70 0.000418 0.000942
4 80 0.000732 0.001544
4 90 0.000000 0.000000
