1 10 0.319434 0.002962
1 20 0.285644 0.010905
1 30 0.248926 0.005892
1 40 0.217187 0.007357
1 50 0.196484 0.003190
1 60 0.148047 0.000846
1 70 0.117578 0.004036
1 80 0.079297 0.002865
1 90 0.035547 0.002083
2 10 0.322070 0.001042
2 20 0.298242 0.005990
2 30 0.257422 0.001432
2 40 0.230664 0.001042
2 50 0.192676 0.000749
2 60 0.153613 0.002376
2 70 0.112402 0.000358
2 80 0.073730 0.000488
2 90 0.035156 0.003255
3 10 0.326758 0.001823
3 20 0.292090 0.003939
3 30 0.257227 0.001172
3 40 0.230078 0.002409
3 50 0.182129 0.005371
3 60 0.145899 0.002148
3 70 0.109375 0.000326
3 80 0.076465 0.000098
3 90 0.036426 0.000879
4 10 0.327441 0.011296
4 20 0.290918 0.001270
4 30 0.261524 0.005794
4 40 0.222656 0.011068
4 50 0.190332 0.009733
4 60 0.149023 0.000456
4 70 0.119141 0.006510
4 80 0.077344 0.001693
4 90 0.041113 0.001270
