1 10 0.051758 0.003906
1 20 0.047754 0.003939
1 30 0.043750 0.000391
1 40 0.047949 0.000944
1 50 0.042676 0.002832
1 60 0.035254 0.001009
1 70 0.030566 0.001400
1 80 0.027930 0.000781
1 90 0.016992 0.001497
2 10 0.055664 0.003906
2 20 0.054395 0.000228
2 30 0.053711 0.001628
2 40 0.055664 0.001302
2 50 0.042188 0.005925
2 60 0.040137 0.005566
2 70 0.037500 0.000781
2 80 0.036035 0.002572
2 90 0.019629 0.001335
3 10 0.053711 0.000651
3 20 0.057812 0.000586
3 30 0.057031 0.002409
3 40 0.058105 0.001139
3 50 0.055469 0.003646
3 60 0.055762 0.000944
3 70 0.045020 0.006803
3 80 0.038281 0.002214
3 90 0.019531 0.000000
4 10 0.061231 0.002832
4 20 0.061719 0.002344
4 30 0.059668 0.001270
4 40 0.062305 0.002214
4 50 0.055566 0.001269
4 60 0.058203 0.002148
4 70 0.049902 0.008106
4 80 0.039941 0.000618
4 90 0.022852 0.002735
