1 10 0.080664 0.011501
1 20 0.075391 0.017733
1 30 0.068359 0.012413
1 40 0.065918 0.009527
1 50 0.048340 0.007977
1 60 0.050293 0.014926
1 70 0.044141 0.006572
1 80 0.033105 0.010613
1 90 0.020020 0.007883
2 10 0.087793 0.013210
2 20 0.074023 0.010343
2 30 0.076660 0.019581
2 40 0.069629 0.012067
2 50 0.059668 0.014885
2 60 0.050977 0.012402
2 70 0.057226 0.010398
2 80 0.038086 0.009645
2 90 0.027344 0.005043
3 10 0.091797 0.022944
3 20 0.084766 0.016196
3 30 0.078320 0.007837
3 40 0.081348 0.012119
3 50 0.072070 0.011275
3 60 0.065918 0.015291
3 70 0.057520 0.015897
3 80 0.043164 0.010374
3 90 0.026563 0.007796
4 10 0.097656 0.017853
4 20 0.089746 0.015320
4 30 0.081738 0.009502
4 40 0.085644 0.014631
4 50 0.079395 0.021827
4 60 0.070215 0.014133
4 70 0.060059 0.011918
4 80 0.045606 0.006528
4 90 0.029590 0.007523
