1 10 0.032226 0.017859
1 20 0.033203 0.019774
1 30 0.040039 0.014399
1 40 0.029297 0.013322
1 50 0.028516 0.010546
1 60 0.027181 0.008580
1 70 0.034180 0.011396
1 80 0.027466 0.010599
1 90 0.030382 0.008860
2 10 0.026367 0.025236
2 20 0.045410 0.019941
2 30 0.043294 0.014961
2 40 0.043457 0.022488
2 50 0.042969 0.015598
2 60 0.041667 0.011616
2 70 0.039202 0.009765
2 80 0.030884 0.007592
2 90 0.031467 0.005603
3 10 0.054688 0.043722
3 20 0.054688 0.020818
3 30 0.041992 0.025375
3 40 0.053467 0.017585
3 50 0.050977 0.016012
3 60 0.045573 0.020659
3 70 0.044503 0.012468
3 80 0.035767 0.010502
3 90 0.036241 0.003695
4 10 0.071289 0.031577
4 20 0.051270 0.019155
4 30 0.052409 0.037696
4 40 0.043457 0.013510
4 50 0.050586 0.025037
4 60 0.034505 0.011707
4 70 0.036551 0.010436
4 80 0.042114 0.010004
4 90 0.029731 0.010817
