1 10 0.072266 0.004557
1 20 0.048340 0.003418
1 30 0.051432 0.011068
1 40 0.052978 0.002197
1 50 0.044141 0.001042
1 60 0.040202 0.001790
1 70 0.038225 0.006790
1 80 0.037475 0.000285
1 90 0.032118 0.001953
2 10 0.086914 0.006185
2 20 0.046875 0.002604
2 30 0.065755 0.009983
2 40 0.060303 0.025472
2 50 0.047070 0.004622
2 60 0.053711 0.004340
2 70 0.047712 0.001023
2 80 0.040405 0.004923
2 90 0.034397 0.000615
3 10 0.102539 0.001628
3 20 0.083984 0.002930
3 30 0.078451 0.010742
3 40 0.053223 0.011556
3 50 0.054492 0.005794
3 60 0.056478 0.000922
3 70 0.046875 0.002139
3 80 0.042602 0.002401
3 90 0.034614 0.002206
4 10 0.121094 0.011068
4 20 0.094238 0.006022
4 30 0.064127 0.015516
4 40 0.072510 0.014079
4 50 0.058008 0.010872
4 60 0.054850 0.002876
4 70 0.042829 0.005441
4 80 0.042969 0.000325
4 90 0.033854 0.000072
