1 10 0.018359 0.000260
1 20 0.019434 0.000619
1 30 0.026953 0.004753
1 40 0.025684 0.000098
1 50 0.031738 0.002116
1 60 0.033496 0.006934
1 70 0.021094 0.008268
1 80 0.025195 0.006250
1 90 0.013477 0.003320
2 10 0.035058 0.003873
2 20 0.037500 0.002409
2 30 0.042774 0.002865
2 40 0.042578 0.000781
2 50 0.034961 0.001237
2 60 0.043652 0.002506
2 70 0.033301 0.002962
2 80 0.029980 0.002376
2 90 0.016211 0.000456
3 10 0.041406 0.002083
3 20 0.044141 0.004818
3 30 0.044727 0.000065
3 40 0.041895 0.000619
3 50 0.042871 0.006543
3 60 0.046582 0.002181
3 70 0.040137 0.001660
3 80 0.034863 0.000228
3 90 0.019824 0.002051
4 10 0.049609 0.001367
4 20 0.049317 0.000488
4 30 0.060254 0.000879
4 40 0.060254 0.001204
4 50 0.047461 0.000456
4 60 0.046387 0.003744
4 70 0.037695 0.000456
4 80 0.036133 0.003255
4 90 0.022559 0.001660
